
a 1 2 14188
a 2 1 14188
a 5 6 2199
a 6 5 2199
a 7 5 1456
a 5 7 1456
a 8 9 3701
a 9 8 3701
a 8 10 624
a 10 8 624
a 11 12 617
a 12 11 617
a 12 13 1258
a 13 12 1258
a 14 15 2385
a 15 14 2385
a 13 14 895
a 14 13 895
a 14 16 77
a 16 14 77
a 17 18 2727
a 18 17 2727
a 17 19 1963
a 19 17 1963
a 6 20 1426
a 20 6 1426
a 20 21 329
a 21 20 329
a 7 20 2235
a 20 7 2235
a 22 23 1637
a 23 22 1637
a 22 24 2490
a 24 22 2490
a 21 25 7487
a 25 21 7487
a 26 4 960
a 4 26 960
a 27 26 1673
a 26 27 1673
a 28 29 5273
a 29 28 5273
a 30 31 5171
a 31 30 5171
a 29 32 1014
a 32 29 1014
a 32 30 1145
a 30 32 1145
a 33 28 937
a 28 33 937
a 32 33 5215
a 33 32 5215
a 34 35 1846
a 35 34 1846
a 37 38 6788
a 38 37 6788
a 37 39 12889
a 39 37 12889
a 40 41 3403
a 41 40 3403
a 40 42 7293
a 42 40 7293
a 43 36 10681
a 36 43 10681
a 44 40 2589
a 40 44 2589
a 45 44 4085
a 44 45 4085
a 46 47 3494
a 47 46 3494
a 48 37 11273
a 37 48 11273
a 49 50 4576
a 50 49 4576
a 49 51 4197
a 51 49 4197
a 52 45 4204
a 45 52 4204
a 52 49 11557
a 49 52 11557
a 53 46 6170
a 46 53 6170
a 53 48 437
a 48 53 437
a 54 55 4091
a 55 54 4091
a 56 54 161
a 54 56 161
a 56 57 646
a 57 56 646
a 58 59 10590
a 59 58 10590
a 60 61 2948
a 61 60 2948
a 62 63 2338
a 63 62 2338
a 62 64 14603
a 64 62 14603
a 65 54 13648
a 54 65 13648
a 65 60 4670
a 60 65 4670
a 66 67 3570
a 67 66 3570
a 68 66 3020
a 66 68 3020
a 69 68 14700
a 68 69 14700
a 70 71 8134
a 71 70 8134
a 72 73 4164
a 73 72 4164
a 74 75 783
a 75 74 783
a 76 77 5518
a 77 76 5518
a 78 76 659
a 76 78 659
a 79 80 303
a 80 79 303
a 81 82 2788
a 82 81 2788
a 83 66 10927
a 66 83 10927
a 83 84 2311
a 84 83 2311
a 83 72 6357
a 72 83 6357
a 85 81 1445
a 81 85 1445
a 86 87 2768
a 87 86 2768
a 88 85 512
a 85 88 512
a 87 81 2250
a 81 87 2250
a 87 85 2084
a 85 87 2084
a 89 86 840
a 86 89 840
a 90 34 5748
a 34 90 5748
a 71 91 9366
a 91 71 9366
a 86 87 2768
a 87 86 2768
a 92 74 3708
a 74 92 3708
a 93 60 5956
a 60 93 5956
a 64 94 1318
a 94 64 1318
a 95 96 2547
a 96 95 2547
a 97 98 205
a 98 97 205
a 99 74 2120
a 74 99 2120
a 72 100 1875
a 100 72 1875
a 101 102 1826
a 102 101 1826
a 84 101 17693
a 101 84 17693
a 67 103 6088
a 103 67 6088
a 84 104 11397
a 104 84 11397
a 104 67 3903
a 67 104 3903
a 104 105 6055
a 105 104 6055
a 102 106 4704
a 106 102 4704
a 102 107 17583
a 107 102 17583
a 108 46 24499
a 46 108 24499
a 108 109 11284
a 109 108 11284
a 53 110 5100
a 110 53 5100
a 111 70 6566
a 70 111 6566
a 70 112 2034
a 112 70 2034
a 107 108 3200
a 108 107 3200
a 107 113 2939
a 113 107 2939
a 114 36 246
a 36 114 246
a 47 43 3518
a 43 47 3518
a 47 115 7004
a 115 47 7004
a 3 114 4650
a 114 3 4650
a 116 117 1023
a 117 116 1023
a 118 69 1554
a 69 118 1554
a 116 119 4377
a 119 116 4377
a 119 120 6997
a 120 119 6997
a 121 77 2163
a 77 121 2163
a 88 122 5219
a 122 88 5219
a 122 92 976
a 92 122 976
a 122 2 1099
a 2 122 1099
a 98 93 1030
a 93 98 1030
a 98 123 4675
a 123 98 4675
a 82 124 22324
a 124 82 22324
a 82 125 1900
a 125 82 1900
a 124 56 1036
a 56 124 1036
a 57 124 952
a 124 57 952
a 67 126 1892
a 126 67 1892
a 62 127 8386
a 127 62 8386
a 59 44 15170
a 44 59 15170
a 94 52 3844
a 52 94 3844
a 59 94 10637
a 94 59 10637
a 41 128 2934
a 128 41 2934
a 42 90 250
a 90 42 250
a 41 42 8456
a 42 41 8456
a 129 130 2519
a 130 129 2519
a 50 45 8718
a 45 50 8718
a 50 131 8737
a 131 50 8737
a 131 132 3477
a 132 131 3477
a 131 133 3645
a 133 131 3645
a 51 48 11187
a 48 51 11187
a 51 134 5094
a 134 51 5094
a 38 34 22489
a 34 38 22489
a 135 38 5449
a 38 135 5449
a 35 136 857
a 136 35 857
a 35 137 3429
a 137 35 3429
a 137 138 605
a 138 137 605
a 139 140 4606
a 140 139 4606
a 139 141 4489
a 141 139 4489
a 140 142 4691
a 142 140 4691
a 141 143 5710
a 143 141 5710
a 140 141 4043
a 141 140 4043
a 141 144 1869
a 144 141 1869
a 39 139 404
a 139 39 404
a 39 145 2092
a 145 39 2092
a 146 147 2655
a 147 146 2655
a 148 149 6714
a 149 148 6714
a 150 151 758
a 151 150 758
a 155 156 5161
a 156 155 5161
a 157 158 57
a 158 157 57
a 159 160 1195
a 160 159 1195
a 161 162 3588
a 162 161 3588
a 163 164 1023
a 164 163 1023
a 165 166 280
a 166 165 280
a 147 167 1368
a 167 147 1368
a 168 89 6318
a 89 168 6318
a 1 169 3172
a 169 1 3172
a 147 170 2883
a 170 147 2883
a 171 172 3615
a 172 171 3615
a 173 174 4274
a 174 173 4274
a 175 176 1784
a 176 175 1784
a 177 178 4664
a 178 177 4664
a 179 180 5498
a 180 179 5498
a 179 181 3297
a 181 179 3297
a 179 182 9454
a 182 179 9454
a 183 184 11757
a 184 183 11757
a 185 186 2789
a 186 185 2789
a 187 185 624
a 185 187 624
a 187 188 4422
a 188 187 4422
a 189 190 1728
a 190 189 1728
a 191 192 6149
a 192 191 6149
a 193 194 10398
a 194 193 10398
a 195 196 11440
a 196 195 11440
a 195 193 6843
a 193 195 6843
a 197 198 4334
a 198 197 4334
a 197 199 2476
a 199 197 2476
a 200 197 3313
a 197 200 3313
a 201 202 1369
a 202 201 1369
a 201 203 1648
a 203 201 1648
a 204 200 3485
a 200 204 3485
a 205 200 8044
a 200 205 8044
a 186 183 1288
a 183 186 1288
a 186 206 95
a 206 186 95
a 207 208 14163
a 208 207 14163
a 209 207 12861
a 207 209 12861
a 209 210 4389
a 210 209 4389
a 211 207 4510
a 207 211 4510
a 212 213 12611
a 213 212 12611
a 214 212 2087
a 212 214 2087
a 152 209 9653
a 209 152 9653
a 215 152 22362
a 152 215 22362
a 216 217 6421
a 217 216 6421
a 216 218 16548
a 218 216 16548
a 219 220 1405
a 220 219 1405
a 221 222 1832
a 222 221 1832
a 223 224 12775
a 224 223 12775
a 223 225 3838
a 225 223 3838
a 226 227 588
a 227 226 588
a 228 221 18978
a 221 228 18978
a 229 230 18441
a 230 229 18441
a 231 232 6271
a 232 231 6271
a 231 233 20905
a 233 231 20905
a 234 231 9683
a 231 234 9683
a 235 236 26814
a 236 235 26814
a 235 237 942
a 237 235 942
a 238 239 4184
a 239 238 4184
a 238 240 5089
a 240 238 5089
a 241 242 3670
a 242 241 3670
a 243 244 5789
a 244 243 5789
a 243 245 920
a 245 243 920
a 246 247 5662
a 247 246 5662
a 248 246 2372
a 246 248 2372
a 249 250 8565
a 250 249 8565
a 251 252 3894
a 252 251 3894
a 253 251 2662
a 251 253 2662
a 254 255 798
a 255 254 798
a 256 257 2214
a 257 256 2214
a 258 259 1315
a 259 258 1315
a 260 261 3666
a 261 260 3666
a 262 263 1854
a 263 262 1854
a 264 265 947
a 265 264 947
a 264 258 2037
a 258 264 2037
a 266 267 2351
a 267 266 2351
a 268 269 1577
a 269 268 1577
a 270 271 285
a 271 270 285
a 272 273 1977
a 273 272 1977
a 274 275 2385
a 275 274 2385
a 276 277 2762
a 277 276 2762
a 278 279 660
a 279 278 660
a 278 276 1147
a 276 278 1147
a 280 279 160
a 279 280 160
a 281 282 3074
a 282 281 3074
a 281 272 2242
a 272 281 2242
a 283 284 806
a 284 283 806
a 285 286 1171
a 286 285 1171
a 287 288 1999
a 288 287 1999
a 289 287 2002
a 287 289 2002
a 290 289 5095
a 289 290 5095
a 290 281 616
a 281 290 616
a 291 280 3260
a 280 291 3260
a 151 292 2139
a 292 151 2139
a 293 289 5793
a 289 293 5793
a 294 295 863
a 295 294 863
a 160 296 2192
a 296 160 2192
a 297 298 621
a 298 297 621
a 291 299 1927
a 299 291 1927
a 234 226 31067
a 226 234 31067
a 256 300 1050
a 300 256 1050
a 215 218 13668
a 218 215 13668
a 301 302 823
a 302 301 823
a 191 179 3762
a 179 191 3762
a 176 1 3291
a 1 176 3291
a 303 304 1422
a 304 303 1422
a 194 185 3676
a 185 194 3676
a 305 187 6405
a 187 305 6405
a 198 195 4536
a 195 198 4536
a 306 191 4853
a 191 306 4853
a 219 152 3888
a 152 219 3888
a 307 223 3179
a 223 307 3179
a 224 216 16721
a 216 224 16721
a 308 234 7295
a 234 308 7295
a 309 243 5066
a 243 309 5066
a 310 309 988
a 309 310 988
a 155 262 3255
a 262 155 3255
a 184 175 4409
a 175 184 4409
a 311 175 6796
a 175 311 6796
a 240 312 11503
a 312 240 11503
a 239 313 1363
a 313 239 1363
a 111 314 13699
a 314 111 13699
a 314 315 12325
a 315 314 12325
a 315 106 15467
a 106 315 15467
a 153 315 13233
a 315 153 13233
a 153 316 7984
a 316 153 7984
a 316 317 3503
a 317 316 3503
a 316 318 2959
a 318 316 2959
a 319 320 599
a 320 319 599
a 208 321 14528
a 321 208 14528
a 208 322 4132
a 322 208 4132
a 323 324 739
a 324 323 739
a 325 326 4035
a 326 325 4035
a 327 241 6885
a 241 327 6885
a 328 211 137
a 211 328 137
a 329 241 5164
a 241 329 5164
a 329 330 4013
a 330 329 4013
a 331 332 618
a 332 331 618
a 236 228 2854
a 228 236 2854
a 236 334 5257
a 334 236 5257
a 333 335 3535
a 335 333 3535
a 333 336 4766
a 336 333 4766
a 336 337 5233
a 337 336 5233
a 336 338 8498
a 338 336 8498
a 339 340 7383
a 340 339 7383
a 312 341 7574
a 341 312 7574
a 312 342 6305
a 342 312 6305
a 339 343 1477
a 343 339 1477
a 154 344 8166
a 344 154 8166
a 341 345 8515
a 345 341 8515
a 341 346 2438
a 346 341 2438
a 345 228 12719
a 228 345 12719
a 345 347 4067
a 347 345 4067
a 348 221 2276
a 221 348 2276
a 348 349 2935
a 349 348 2935
a 230 348 6924
a 348 230 6924
a 230 350 9338
a 350 230 9338
a 342 154 16687
a 154 342 16687
a 327 329 1833
a 329 327 1833
a 313 351 11607
a 351 313 11607
a 313 352 7015
a 352 313 7015
a 248 252 2169
a 252 248 2169
a 353 354 3604
a 354 353 3604
a 262 355 103
a 355 262 103
a 258 356 1090
a 356 258 1090
a 255 301 991
a 301 255 991
a 302 357 81
a 357 302 81
a 302 358 947
a 358 302 947
a 359 360 371
a 360 359 371
a 361 362 3702
a 362 361 3702
a 359 361 1407
a 361 359 1407
a 299 278 3184
a 278 299 3184
a 299 159 1437
a 159 299 1437
a 363 364 7505
a 364 363 7505
a 363 365 1276
a 365 363 1276
a 365 157 2792
a 157 365 2792
a 366 253 3744
a 253 366 3744
a 367 262 4972
a 262 367 4972
a 265 368 2309
a 368 265 2309
a 368 256 3755
a 256 368 3755
a 265 368 2309
a 368 265 2309
a 297 369 3817
a 369 297 3817
a 245 238 8488
a 238 245 8488
a 245 370 3869
a 370 245 3869
a 244 371 1436
a 371 244 1436
a 243 244 5789
a 244 243 5789
a 244 372 920
a 372 244 920
a 371 373 2386
a 373 371 2386
a 268 374 2947
a 374 268 2947
a 375 376 455
a 376 375 455
a 371 375 3717
a 375 371 3717
a 375 377 1887
a 377 375 1887
a 377 371 2025
a 371 377 2025
a 373 375 1332
a 375 373 1332
a 377 373 758
a 373 377 758
a 293 378 256
a 378 293 256
a 379 380 6688
a 380 379 6688
a 381 379 537
a 379 381 537
a 381 382 1602
a 382 381 1602
a 383 384 898
a 384 383 898
a 385 386 1098
a 386 385 1098
a 273 387 64
a 387 273 64
a 340 285 1804
a 285 340 1804
a 340 388 1193
a 388 340 1193
a 388 389 515
a 389 388 515
a 286 388 1561
a 388 286 1561
a 273 327 1165
a 327 273 1165
a 294 390 2000
a 390 294 2000
a 274 381 276
a 381 274 276
a 237 308 761
a 308 237 761
a 237 391 2389
a 391 237 2389
a 351 235 2201
a 235 351 2201
a 351 392 9043
a 392 351 9043
a 232 393 15080
a 393 232 15080
a 232 394 1998
a 394 232 1998
a 254 331 2278
a 331 254 2278
a 233 395 5894
a 395 233 5894
a 233 396 3793
a 396 233 3793
a 217 397 2244
a 397 217 2244
a 217 398 3927
a 398 217 3927
a 397 399 5160
a 399 397 5160
a 397 400 4060
a 400 397 4060
a 399 401 3389
a 401 399 3389
a 399 402 2857
a 402 399 2857
a 401 403 6759
a 403 401 6759
a 404 212 867
a 212 404 867
a 401 405 22953
a 405 401 22953
a 405 404 2550
a 404 405 2550
a 225 406 5660
a 406 225 5660
a 406 404 3040
a 404 406 3040
a 406 225 5660
a 225 406 5660
a 403 304 4239
a 304 403 4239
a 403 407 4335
a 407 403 4335
a 321 304 9021
a 304 321 9021
a 321 408 4877
a 408 321 4877
a 177 409 4891
a 409 177 4891
a 320 177 5870
a 177 320 5870
a 190 306 3296
a 306 190 3296
a 199 303 5177
a 303 199 5177
a 190 199 2907
a 199 190 2907
a 410 411 3428
a 411 410 3428
a 410 412 4372
a 412 410 4372
a 183 171 11605
a 171 183 11605
a 174 413 821
a 413 174 821
a 172 414 5999
a 414 172 5999
a 174 172 2509
a 172 174 2509
a 172 415 3896
a 415 172 3896
a 73 416 2722
a 416 73 2722
a 203 193 4035
a 193 203 4035
a 202 195 8089
a 195 202 8089
a 203 202 1148
a 202 203 1148
a 202 417 4072
a 417 202 4072
a 213 201 4574
a 201 213 4574
a 213 418 3370
a 418 213 3370
a 188 311 6391
a 311 188 6391
a 188 419 2073
a 419 188 2073
a 393 226 274
a 226 393 274
a 393 420 2979
a 420 393 2979
a 335 228 17505
a 228 335 17505
a 421 422 515
a 422 421 515
a 421 423 942
a 423 421 942
a 424 425 2781
a 425 424 2781
a 426 427 95
a 427 426 95
a 295 428 613
a 428 295 613
a 429 430 10776
a 430 429 10776
a 431 432 939
a 432 431 939
a 433 434 2875
a 434 433 2875
a 435 436 2536
a 436 435 2536
a 437 438 10284
a 438 437 10284
a 11 14 166
a 14 11 166
a 438 439 14538
a 439 438 14538
a 440 441 5202
a 441 440 5202
a 442 443 9147
a 443 442 9147
a 444 437 18550
a 437 444 18550
a 445 446 373
a 446 445 373
a 447 448 2248
a 448 447 2248
a 447 449 1150
a 449 447 1150
a 450 445 4329
a 445 450 4329
a 451 450 8023
a 450 451 8023
a 451 445 10510
a 445 451 10510
a 452 451 639
a 451 452 639
a 453 450 3872
a 450 453 3872
a 454 455 1816
a 455 454 1816
a 456 457 4058
a 457 456 4058
a 456 453 7999
a 453 456 7999
a 458 459 3407
a 459 458 3407
a 459 8 398
a 8 459 398
a 458 454 8262
a 454 458 8262
a 460 461 2659
a 461 460 2659
a 460 454 5859
a 454 460 5859
a 462 463 6383
a 463 462 6383
a 464 462 12063
a 462 464 12063
a 465 456 8150
a 456 465 8150
a 466 465 16018
a 465 466 16018
a 466 467 924
a 467 466 924
a 468 21 2275
a 21 468 2275
a 31 468 3542
a 468 31 3542
a 31 33 796
a 33 31 796
a 469 470 1295
a 470 469 1295
a 471 472 1108
a 472 471 1108
a 473 474 1936
a 474 473 1936
a 475 476 1086
a 476 475 1086
a 475 471 1884
a 471 475 1884
a 477 475 1090
a 475 477 1090
a 477 478 1244
a 478 477 1244
a 479 462 7971
a 462 479 7971
a 480 481 1240
a 481 480 1240
a 482 483 5813
a 483 482 5813
a 482 465 7972
a 465 482 7972
a 482 484 7379
a 484 482 7379
a 485 486 1458
a 486 485 1458
a 487 475 2088
a 475 487 2088
a 487 488 1062
a 488 487 1062
a 487 489 1132
a 489 487 1132
a 490 18 1755
a 18 490 1755
a 491 490 4081
a 490 491 4081
a 491 492 768
a 492 491 768
a 493 494 278
a 494 493 278
a 493 495 699
a 495 493 699
a 496 497 1258
a 497 496 1258
a 496 490 663
a 490 496 663
a 498 485 2038
a 485 498 2038
a 499 498 1268
a 498 499 1268
a 499 500 1090
a 500 499 1090
a 488 485 1270
a 485 488 1270
a 501 491 3363
a 491 501 3363
a 501 496 4907
a 496 501 4907
a 502 496 3362
a 496 502 3362
a 503 502 1548
a 502 503 1548
a 504 501 718
a 501 504 718
a 504 503 2458
a 503 504 2458
a 505 504 2039
a 504 505 2039
a 505 506 2360
a 506 505 2360
a 507 508 1055
a 508 507 1055
a 507 509 2763
a 509 507 2763
a 510 511 1833
a 511 510 1833
a 510 482 8074
a 482 510 8074
a 512 480 8279
a 480 512 8279
a 513 514 1882
a 514 513 1882
a 513 515 1406
a 515 513 1406
a 516 512 15991
a 512 516 15991
a 516 510 185
a 510 516 185
a 517 505 2063
a 505 517 2063
a 517 518 2573
a 518 517 2573
a 519 520 2043
a 520 519 2043
a 519 521 1640
a 521 519 1640
a 522 523 77
a 523 522 77
a 524 522 1405
a 522 524 1405
a 525 526 1196
a 526 525 1196
a 527 528 1719
a 528 527 1719
a 527 529 4433
a 529 527 4433
a 530 524 1366
a 524 530 1366
a 531 532 392
a 532 531 392
a 533 531 1897
a 531 533 1897
a 534 535 1237
a 535 534 1237
a 534 536 721
a 536 534 721
a 537 538 8009
a 538 537 8009
a 537 527 8279
a 527 537 8279
a 539 540 6958
a 540 539 6958
a 422 541 1381
a 541 422 1381
a 542 543 166
a 543 542 166
a 544 545 1132
a 545 544 1132
a 546 421 5298
a 421 546 5298
a 547 548 3757
a 548 547 3757
a 547 546 3752
a 546 547 3752
a 549 550 1134
a 550 549 1134
a 541 551 952
a 551 541 952
a 552 549 7558
a 549 552 7558
a 553 546 1147
a 546 553 1147
a 554 555 393
a 555 554 393
a 556 557 554
a 557 556 554
a 558 429 711
a 429 558 711
a 559 440 7730
a 440 559 7730
a 560 561 2995
a 561 560 2995
a 489 477 1808
a 477 489 1808
a 472 469 1275
a 469 472 1275
a 441 562 2798
a 562 441 2798
a 443 559 2927
a 559 443 2927
a 481 563 2399
a 563 481 2399
a 497 493 274
a 493 497 274
a 564 565 1725
a 565 564 1725
a 566 567 3956
a 567 566 3956
a 568 479 8324
a 479 568 8324
a 569 507 1533
a 507 569 1533
a 570 571 731
a 571 570 731
a 572 573 506
a 573 572 506
a 539 537 9247
a 537 539 9247
a 574 5 3218
a 5 574 3218
a 449 575 893
a 575 449 893
a 449 576 1335
a 576 449 1335
a 575 577 840
a 577 575 840
a 448 578 301
a 578 448 301
a 579 442 2848
a 442 579 2848
a 580 569 5983
a 569 580 5983
a 157 581 101
a 581 157 101
a 582 429 5371
a 429 582 5371
a 561 583 1011
a 583 561 1011
a 561 584 1747
a 584 561 1747
a 560 585 1712
a 585 560 1712
a 483 586 1372
a 586 483 1372
a 587 588 2514
a 588 587 2514
a 587 589 2155
a 589 587 2155
a 590 480 3774
a 480 590 3774
a 591 592 3116
a 592 591 3116
a 593 490 599
a 490 593 599
a 593 594 1890
a 594 593 1890
a 590 595 1448
a 595 590 1448
a 595 596 510
a 596 595 510
a 495 597 5863
a 597 495 5863
a 598 495 1278
a 495 598 1278
a 596 599 722
a 599 596 722
a 494 593 550
a 593 494 550
a 596 600 2287
a 600 596 2287
a 426 601 15082
a 601 426 15082
a 459 602 4806
a 602 459 4806
a 28 574 1431
a 574 28 1431
a 603 604 553
a 604 603 553
a 604 519 1730
a 519 604 1730
a 520 383 981
a 383 520 981
a 520 605 944
a 605 520 944
a 606 27 983
a 27 606 983
a 607 606 1504
a 606 607 1504
a 606 608 505
a 608 606 505
a 605 609 1328
a 609 605 1328
a 610 607 1549
a 607 610 1549
a 27 603 3976
a 603 27 3976
a 536 611 932
a 611 536 932
a 536 612 2314
a 612 536 2314
a 613 614 707
a 614 613 707
a 523 615 2238
a 615 523 2238
a 616 617 959
a 617 616 959
a 612 618 775
a 618 612 775
a 612 611 2467
a 611 612 2467
a 619 570 1375
a 570 619 1375
a 619 620 522
a 620 619 522
a 621 613 660
a 613 621 660
a 550 622 1050
a 622 550 1050
a 550 556 3030
a 556 550 3030
a 623 434 4780
a 434 623 4780
a 446 623 556
a 623 446 556
a 624 621 718
a 621 624 718
a 625 626 1307
a 626 625 1307
a 625 627 931
a 627 625 931
a 628 625 275
a 625 628 275
a 628 629 1330
a 629 628 1330
a 630 628 461
a 628 630 461
a 631 632 188
a 632 631 188
a 632 630 156
a 630 632 156
a 631 633 1608
a 633 631 1608
a 632 634 21
a 634 632 21
a 635 630 969
a 630 635 969
a 630 636 1086
a 636 630 1086
a 636 637 377
a 637 636 377
a 636 638 1091
a 638 636 1091
a 484 568 541
a 568 484 541
a 484 639 1604
a 639 484 1604
a 640 566 426
a 566 640 426
a 640 641 1508
a 641 640 1508
a 511 640 679
a 640 511 679
a 511 642 1148
a 642 511 1148
a 565 516 3612
a 516 565 3612
a 565 643 249
a 643 565 249
a 643 644 203
a 644 643 203
a 643 645 467
a 645 643 467
a 643 646 518
a 646 643 518
a 647 564 374
a 564 647 374
a 647 648 661
a 648 647 661
a 528 647 619
a 647 528 619
a 528 649 812
a 649 528 812
a 529 650 4311
a 650 529 4311
a 529 651 944
a 651 529 944
a 650 652 1522
a 652 650 1522
a 650 653 2935
a 653 650 2935
a 652 654 2041
a 654 652 2041
a 652 655 1812
a 655 652 1812
a 654 656 496
a 656 654 496
a 654 657 1291
a 657 654 1291
a 658 15 2621
a 15 658 2621
a 656 659 1442
a 659 656 1442
a 656 660 2312
a 660 656 2312
a 659 525 1950
a 525 659 1950
a 659 661 718
a 661 659 718
a 662 553 2079
a 553 662 2079
a 663 554 2042
a 554 663 2042
a 664 663 4330
a 663 664 4330
a 665 662 2796
a 662 665 2796
a 666 667 933
a 667 666 933
a 668 669 511
a 669 668 511
a 670 671 11434
a 671 670 11434
a 672 673 1473
a 673 672 1473
a 325 674 3637
a 674 325 3637
a 675 670 3182
a 670 675 3182
a 425 670 3873
a 670 425 3873
a 676 325 4841
a 325 676 4841
a 548 677 2772
a 677 548 2772
a 678 679 1130
a 679 678 1130
a 680 675 3619
a 675 680 3619
a 680 424 950
a 424 680 950
a 681 682 1136
a 682 681 1136
a 681 683 4081
a 683 681 4081
a 684 685 1972
a 685 684 1972
a 684 686 1239
a 686 684 1239
a 687 688 5872
a 688 687 5872
a 689 690 64
a 690 689 64
a 691 689 971
a 689 691 971
a 692 693 237
a 693 692 237
a 694 695 284
a 695 694 284
a 696 697 1460
a 697 696 1460
a 698 694 219
a 694 698 219
a 699 687 821
a 687 699 821
a 700 696 8187
a 696 700 8187
a 626 323 8083
a 323 626 8083
a 626 701 1303
a 701 626 1303
a 694 702 262
a 702 694 262
a 703 704 2215
a 704 703 2215
a 705 706 1452
a 706 705 1452
a 703 705 4662
a 705 703 4662
a 707 708 961
a 708 707 961
a 709 631 2929
a 631 709 2929
a 710 705 452
a 705 710 452
a 711 712 382
a 712 711 382
a 713 714 351
a 714 713 351
a 715 716 242
a 716 715 242
a 717 715 486
a 715 717 486
a 718 719 1104
a 719 718 1104
a 718 720 2638
a 720 718 2638
a 721 718 798
a 718 721 798
a 722 723 1517
a 723 722 1517
a 723 724 113
a 724 723 113
a 725 723 1847
a 723 725 1847
a 726 727 2014
a 727 726 2014
a 686 681 1364
a 681 686 1364
a 728 729 2742
a 729 728 2742
a 730 728 1596
a 728 730 1596
a 526 731 3841
a 731 526 3841
a 588 732 2809
a 732 588 2809
a 588 733 1563
a 733 588 1563
a 734 735 971
a 735 734 971
a 736 737 1003
a 1069249 1069169 1310
a 1069146 1069131 1565
a 1069131 1069146 1565
a 1069146 1070125 222
a 1070125 1069146 222
a 1070125 1070126 281
a 1070126 1070125 281
a 1069149 1069137 674
a 1069137 1069149 674
a 1070126 1069149 494
a 1069149 1070126 494
a 1069129 1070127 240
a 1070127 1069129 240
a 1069130 1070128 2824
a 1070128 1069130 2824
a 1070128 1069129 866
a 1069129 1070128 866
a 1069158 1069156 1027
a 1069156 1069158 1027
a 1069141 1069158 1936
a 1069158 1069141 1936
a 1070129 1066126 5011
a 1066126 1070129 5011
a 1070129 1070130 3227
a 1070130 1070129 3227
a 1066174 1070131 2485
a 1070131 1066174 2485
a 1069172 1069454 1329
a 1069454 1069172 1329
a 1070132 1069172 654
a 1069172 1070132 654
a 1069454 1070133 383
a 1070133 1069454 383
a 1066136 1070129 9100
a 1070129 1066136 9100
a 1070124 1069150 184
a 1069150 1070124 184
a 1069254 1070124 339
a 1070124 1069254 339
a 1069258 1070134 601
a 1070134 1069258 601
a 1069269 1069211 2764
a 1069211 1069269 2764
a 1069187 1069168 1960
a 1069168 1069187 1960
a 1066177 1070134 186
a 1070134 1066177 186
a 1037670 1037339 725
a 1037339 1037670 725
a 1037535 1037674 1786
a 1037674 1037535 1786
a 1067378 1067327 1646
a 1067327 1067378 1646
a 1070135 1067404 900
a 1067404 1070135 900
a 1069778 1070136 1816
a 1070136 1069778 1816
a 1067378 1070137 1018
a 1070137 1067378 1018
a 1070137 1070138 1504
a 1070138 1070137 1504
a 1070137 1070139 830
a 1070139 1070137 830
a 1065541 1070140 1188
a 1070140 1065541 1188
a 1069606 1070141 599
a 1070141 1069606 599
a 1070141 1069604 1134
a 1069604 1070141 1134
a 1067417 1065547 1372
a 1065547 1067417 1372
a 1065546 1067417 1461
a 1067417 1065546 1461
a 1070142 1068360 468
a 1068360 1070142 468
a 1069606 1070143 413
a 1070143 1069606 413
a 1068082 1068024 955
a 1068024 1068082 955
a 1068082 1070144 1113
a 1070144 1068082 1113
a 1068631 1068626 1369
a 1068626 1068631 1369
a 1068630 1070145 294
a 1070145 1068630 294
a 1070146 1068628 1574
a 1068628 1070146 1574
a 1068070 1068062 1127
a 1068062 1068070 1127
a 1068160 1068132 733
a 1068132 1068160 733
a 1068160 1070147 1153
a 1070147 1068160 1153
a 1065942 1066084 704
a 1066084 1065942 704
a 1070148 1065941 769
a 1065941 1070148 769
a 1065773 1070149 2154
a 1070149 1065773 2154
a 1069611 1070150 532
a 1070150 1069611 532
a 1069610 1066280 437
a 1066280 1069610 437
a 1069611 1070151 3329
a 1070151 1069611 3329
a 1070152 1070153 286
a 1070153 1070152 286
a 1070151 1070152 15
a 1070152 1070151 15
a 1070154 1065531 4839
a 1065531 1070154 4839
a 1066237 1070154 1904
a 1070154 1066237 1904
a 1070154 1070155 2114
a 1070155 1070154 2114
a 1070155 1070156 1958
a 1070156 1070155 1958
a 1070155 1066237 684
a 1066237 1070155 684
a 1066037 1070157 1052
a 1070157 1066037 1052
a 1068268 1070158 7221
a 1070158 1068268 7221
a 1069752 1070159 3202
a 1070159 1069752 3202
a 1068524 1070160 2314
a 1070160 1068524 2314
a 1067951 1070161 436
a 1070161 1067951 436
a 1067951 1070162 2267
a 1070162 1067951 2267
a 1068508 1070163 1469
a 1070163 1068508 1469
a 1069184 1070164 2232
a 1070164 1069184 2232
a 1070164 1070165 1757
a 1070165 1070164 1757
a 1070163 1070164 1305
a 1070164 1070163 1305
a 1070163 1070166 1532
a 1070166 1070163 1532
a 1069423 1067126 2735
a 1067126 1069423 2735
a 1067137 1069600 112
a 1069600 1067137 112
a 1069601 1067119 871
a 1067119 1069601 871
a 1066532 1066949 412
a 1066949 1066532 412
a 1070093 1056178 2847
a 1056178 1070093 2847
a 1070093 1070167 610
a 1070167 1070093 610
a 1069502 1069503 260
a 1069503 1069502 260
a 1069502 1070168 4310
a 1070168 1069502 4310
a 1069762 1068727 6507
a 1068727 1069762 6507
a 1069762 1070169 4985
a 1070169 1069762 4985
a 1066954 1070170 413
a 1070170 1066954 413
a 1070170 1070171 1791
a 1070171 1070170 1791
a 1066702 1066591 745
a 1066591 1066702 745
a 1070172 1070173 645
a 1070173 1070172 645
a 1068985 1070172 1263
a 1070172 1068985 1263
a 1070172 1068985 1263
a 1068985 1070172 1263
a 1068959 1069039 1231
a 1069039 1068959 1231
a 1068959 1070174 3433
a 1070174 1068959 3433
a 1067078 1037662 934
a 1037662 1067078 934
a 1067078 1070175 823
a 1070175 1067078 823
a 1069559 1070176 146
a 1070176 1069559 146
a 1069559 1070177 675
a 1070177 1069559 675
a 1067075 1069550 810
a 1069550 1067075 810
a 1067075 1070178 1472
a 1070178 1067075 1472
a 1066878 1066862 2523
a 1066862 1066878 2523
a 1066878 1070179 2967
a 1070179 1066878 2967
a 1068682 1070180 1860
a 1070180 1068682 1860
a 1068682 1070181 2522
a 1070181 1068682 2522
a 1070180 1068968 1867
a 1068968 1070180 1867
a 1070180 1070182 6083
a 1070182 1070180 6083
a 1067889 1070183 1468
a 1070183 1067889 1468
a 1070184 1067889 435
a 1067889 1070184 435
a 1070184 1070185 1380
a 1070185 1070184 1380
a 1068432 1070184 394
a 1070184 1068432 394
a 1068432 1070186 1451
a 1070186 1068432 1451
a 1067980 1068431 623
a 1068431 1067980 623
a 1070050 1067980 934
a 1067980 1070050 934
a 1066877 1070187 723
a 1070187 1066877 723
a 1066877 1070188 176
a 1070188 1066877 176
a 1068771 1068951 1259
a 1068951 1068771 1259
a 1068455 1070148 145
a 1070148 1068455 145
a 1065952 1066086 417
a 1066086 1065952 417
a 1070189 1065951 251
a 1065951 1070189 251
a 1066087 1068461 1042
a 1068461 1066087 1042
a 1069635 1070189 461
a 1070189 1069635 461
a 1037620 1037417 7042
a 1037417 1037620 7042
a 1037552 1037553 2180
a 1037553 1037552 2180
a 1069490 1070190 655
a 1070190 1069490 655
a 1070190 1070191 509
a 1070191 1070190 509
a 1066048 1069643 1387
a 1069643 1066048 1387
a 1069482 1066047 2562
a 1066047 1069482 2562
a 1069487 1069481 490
a 1069481 1069487 490
a 1069487 1070192 3838
a 1070192 1069487 3838
a 1070192 1070193 1143
a 1070193 1070192 1143
a 1070192 1070194 2278
a 1070194 1070192 2278
a 1070195 1069115 4134
a 1069115 1070195 4134
a 1066136 1070196 1642
a 1070196 1066136 1642
a 1065978 1070197 1524
a 1070197 1065978 1524
a 1065978 1070198 997
a 1070198 1065978 997
a 1070197 1069539 1209
a 1069539 1070197 1209
a 1070197 1070199 1071
a 1070199 1070197 1071
a 1068462 1068463 1455
a 1068463 1068462 1455
a 1069488 1069452 623
a 1069452 1069488 623
a 1069488 1070200 999
a 1070200 1069488 999
a 1069535 1070201 956
a 1070201 1069535 956
a 1069536 1065968 872
a 1065968 1069536 872
a 1069536 1070202 643
a 1070202 1069536 643
a 1070203 1070204 2077
a 1070204 1070203 2077
a 1070204 1070205 2639
a 1070205 1070204 2639
a 1070206 1070207 2117
a 1070207 1070206 2117
a 1070207 1070208 3752
a 1070208 1070207 3752
a 1070209 1070210 100
a 1070210 1070209 100
a 1070205 1070211 606
a 1070211 1070205 606
a 1070212 1070213 70
a 1070213 1070212 70
a 1070205 1070214 1352
a 1070214 1070205 1352
a 1070213 1070205 7204
a 1070205 1070213 7204
a 1070215 1070216 294
a 1070216 1070215 294
a 1070213 1070217 5644
a 1070217 1070213 5644
a 1070208 1070209 7292
a 1070209 1070208 7292
a 1070215 1070208 1520
a 1070208 1070215 1520
a 1070217 1070215 873
a 1070215 1070217 873
a 1070211 1070215 638
a 1070215 1070211 638
a 1070217 1070211 1253
a 1070211 1070217 1253
a 1066012 1070218 1108
a 1070218 1066012 1108
a 1066012 1070219 4611
a 1070219 1066012 4611
a 1070220 1070221 2660
a 1070221 1070220 2660
a 1070222 1070223 6633
a 1070223 1070222 6633
a 1070223 1070224 1187
a 1070224 1070223 1187
a 1070223 1070225 1138
a 1070225 1070223 1138
a 1070226 1066029 1160
a 1066029 1070226 1160
a 1070227 1070226 2071
a 1070226 1070227 2071
a 1070221 1070227 2187
a 1070227 1070221 2187
a 1070011 1070226 2274
a 1070226 1070011 2274
a 1070221 1070011 2405
a 1070011 1070221 2405
a 1070227 1070222 3092
a 1070222 1070227 3092
a 1070218 1070228 285
a 1070228 1070218 285
a 1070229 1070220 2962
a 1070220 1070229 2962
a 1070218 1070229 7027
a 1070229 1070218 7027
a 1070219 1070229 2897
a 1070229 1070219 2897
a 1070208 1070219 1626
a 1070219 1070208 1626
a 1070133 1070230 462
a 1070230 1070133 462
a 1070133 1070231 263
a 1070231 1070133 263
a 1070232 1037348 1217
a 1037348 1070232 1217
a 1069785 1069844 5376
a 1069844 1069785 5376
a 1069064 1070233 1129
a 1070233 1069064 1129
a 1070233 1070234 1626
a 1070234 1070233 1626
a 1070235 1069791 294
a 1069791 1070235 294
a 1066265 1066621 5117
a 1066621 1066265 5117
a 1069660 1066254 1095
a 1066254 1069660 1095
a 1070236 1069660 1411
a 1069660 1070236 1411
a 1065832 1065830 805
a 1065830 1065832 805
a 1065826 1065813 11225
a 1065813 1065826 11225
a 1066248 1070237 7639
a 1070237 1066248 7639
a 1066380 1070238 7085
a 1070238 1066380 7085
a 1070239 1068820 3246
a 1068820 1070239 3246
a 1070239 1069395 829
a 1069395 1070239 829
a 1070240 1066622 175
a 1066622 1070240 175
a 1070240 1070241 492
a 1070241 1070240 492
a 1068738 1070240 167
a 1070240 1068738 167
a 1068738 1070242 609
a 1070242 1068738 609
a 1069422 1069516 3589
a 1069516 1069422 3589
a 1069669 1066437 1658
a 1066437 1069669 1658
a 1066472 1069979 2982
a 1069979 1066472 2982
a 1066472 1070243 1183
a 1070243 1066472 1183
a 1070244 1069638 524
a 1069638 1070244 524
a 1070244 1070245 392
a 1070245 1070244 392
a 1069935 1066656 654
a 1066656 1069935 654
a 1069934 1070246 929
a 1070246 1069934 929
a 1069935 1069934 8103
a 1069934 1069935 8103
a 1066949 1068575 379
a 1068575 1066949 379
a 1066949 1070247 1115
a 1070247 1066949 1115
a 1067292 1067287 121
a 1067287 1067292 121
a 1070002 1070001 406
a 1070001 1070002 406
a 1070005 1066619 1053
a 1066619 1070005 1053
a 1069973 1070244 543
a 1070244 1069973 543
a 1069973 1070248 1251
a 1070248 1069973 1251
a 1066663 1066414 2672
a 1066414 1066663 2672
a 1069672 1066438 501
a 1066438 1069672 501
a 1069943 1069941 6275
a 1069941 1069943 6275
a 1070249 1069041 3997
a 1069041 1070249 3997
a 1066470 1066566 774
a 1066566 1066470 774
a 1070250 1067177 2402
a 1067177 1070250 2402
a 1067299 1070251 259
a 1070251 1067299 259
a 1067299 1070251 259
a 1070251 1067299 259
a 1070251 1067294 166
a 1067294 1070251 166
a 1066522 1070252 4944
a 1070252 1066522 4944
a 1065901 1070253 3393
a 1070253 1065901 3393
a 1069749 1066069 1065
a 1066069 1069749 1065
a 1069749 1070254 747
a 1070254 1069749 747
a 1070095 1069747 3486
a 1069747 1070095 3486
a 1070095 1070255 2642
a 1070255 1070095 2642
a 1070256 1070257 1432
a 1070257 1070256 1432
a 1070256 1070258 1360
a 1070258 1070256 1360
a 1070258 1070259 931
a 1070259 1070258 931
a 1070258 1070260 1499
a 1070260 1070258 1499
a 1070255 1070256 980
a 1070256 1070255 980
a 1070259 1070261 1478
a 1070261 1070259 1478
a 1070255 1070259 2913
a 1070259 1070255 2913
a 1069897 1069895 231
a 1069895 1069897 231
a 1070262 1069897 2569
a 1069897 1070262 2569
a 1069812 1070263 138
a 1070263 1069812 138
a 1069812 1070264 190
a 1070264 1069812 190
a 1069817 1070265 1325
a 1070265 1069817 1325
a 1069810 1070266 836
a 1070266 1069810 836
a 1069810 1070267 690
a 1070267 1069810 690
a 1070027 1067970 341
a 1067970 1070027 341
a 1070161 1070026 581
a 1070026 1070161 581
a 1067374 1069823 91
a 1069823 1067374 91
a 1068441 1070268 1438
a 1070268 1068441 1438
a 1070269 1066893 11531
a 1066893 1070269 11531
a 1070269 1070270 1973
a 1070270 1070269 1973
a 1066903 1070269 1951
a 1070269 1066903 1951
a 1066903 1070271 1292
a 1070271 1066903 1292
a 1068706 1069010 11125
a 1069010 1068706 11125
a 1069067 1068793 7374
a 1068793 1069067 7374
a 1068006 1069759 203
a 1069759 1068006 203
a 1068125 1068004 312
a 1068004 1068125 312
a 1068039 1068021 641
a 1068021 1068039 641
a 1069831 1069706 1788
a 1069706 1069831 1788
a 1070272 1068526 1951
a 1068526 1070272 1951
a 1069731 1070273 1273
a 1070273 1069731 1273
a 1069723 1069726 1015
a 1069726 1069723 1015
a 1069723 1070274 478
a 1070274 1069723 478
a 1070275 1068512 5491
a 1068512 1070275 5491
a 1068172 1068123 1005
a 1068123 1068172 1005
a 1068172 1070276 646
a 1070276 1068172 646
a 1070277 1069958 1945
a 1069958 1070277 1945
a 1068298 1070278 2765
a 1070278 1068298 2765
a 1070278 1069561 1022
a 1069561 1070278 1022
a 1070278 1070279 1438
a 1070279 1070278 1438
a 1069562 1068295 3587
a 1068295 1069562 3587
a 1069562 1070280 620
a 1070280 1069562 620
a 1069961 1069954 2759
a 1069954 1069961 2759
a 1069961 1070281 1883
a 1070281 1069961 1883
a 1069963 1068295 1043
a 1068295 1069963 1043
a 1069494 1069963 94
a 1069963 1069494 94
a 1069494 1070282 577
a 1070282 1069494 577
a 1065523 1069402 2013
a 1069402 1065523 2013
a 1065523 1070283 1808
a 1070283 1065523 1808
a 1070284 1068287 1260
a 1068287 1070284 1260
a 1070284 1068416 1299
a 1068416 1070284 1299
a 1070285 1068919 5262
a 1068919 1070285 5262
a 1070285 1070286 4292
a 1070286 1070285 4292
a 1069374 1070285 1790
a 1070285 1069374 1790
a 1069374 1070287 3904
a 1070287 1069374 3904
a 1068970 1068665 2128
a 1068665 1068970 2128
a 1068970 1070288 3094
a 1070288 1068970 3094
a 1068929 1069292 366
a 1069292 1068929 366
a 1069062 1069065 6804
a 1069065 1069062 6804
a 1069062 1070289 3943
a 1070289 1069062 3943
a 1069113 1069083 16182
a 1069083 1069113 16182
a 1069113 1070290 2208
a 1070290 1069113 2208
a 1069489 1069462 1040
a 1069462 1069489 1040
a 1069489 1070291 1890
a 1070291 1069489 1890
a 1070291 1070292 1655
a 1070292 1070291 1655
a 1066080 1070293 4033
a 1070293 1066080 4033
a 1066080 1070294 1345
a 1070294 1066080 1345
a 1069255 1069162 183
a 1069162 1069255 183
a 1069255 1070295 139
a 1070295 1069255 139
a 1068671 1068067 488
a 1068067 1068671 488
a 1068671 1070296 515
a 1070296 1068671 515
a 1070297 1069784 926
a 1069784 1070297 926
a 1068570 1067287 1318
a 1067287 1068570 1318
a 1070299 1070298 993
a 1070298 1070299 993
a 1070300 1070299 9671
a 1070299 1070300 9671
a 1070301 1070300 5540
a 1070300 1070301 5540
a 1070301 1070302 8588
a 1070302 1070301 8588
a 1070302 1070303 6381
a 1070303 1070302 6381
a 1070303 1070304 8289
a 1070304 1070303 8289
a 1070304 1070305 2368
a 1070305 1070304 2368
a 1070306 1070307 7367
a 1070307 1070306 7367
a 1070306 1070307 7367
a 1070307 1070306 7367
a 1070308 1070309 15363
a 1070309 1070308 15363
a 1070309 1070304 327
a 1070304 1070309 327
a 1070310 1070304 17746
a 1070304 1070310 17746
a 1070310 1070308 10972
a 1070308 1070310 10972
a 1070302 1070303 6381
a 1070303 1070302 6381
a 1070311 1070302 9220
a 1070302 1070311 9220
a 1070312 1070311 8763
a 1070311 1070312 8763
a 1070312 1070310 10040
a 1070310 1070312 10040
a 1070301 1070311 10390
a 1070311 1070301 10390
a 1070313 1070299 6531
a 1070299 1070313 6531
a 1070298 1070314 5880
a 1070314 1070298 5880
a 1070315 1044653 386
a 1044653 1070315 386
a 1070316 1048824 7704
a 1048824 1070316 7704
a 1070317 1048823 2795
a 1048823 1070317 2795
a 1070318 1070317 3751
a 1070317 1070318 3751
a 1070319 1070318 14936
a 1070318 1070319 14936
a 1070320 1070318 13750
a 1070318 1070320 13750
a 1070321 1070320 11149
a 1070320 1070321 11149
a 1070322 1070320 735
a 1070320 1070322 735
a 1070323 1070322 5012
a 1070322 1070323 5012
a 1070322 1070324 3833
a 1070324 1070322 3833
a 1070324 1070325 5304
a 1070325 1070324 5304
a 1070325 1070326 2448
a 1070326 1070325 2448
a 1070327 1070326 2550
a 1070326 1070327 2550
a 1070328 1070326 27430
a 1070326 1070328 27430
a 1070328 1070315 23123
a 1070315 1070328 23123
a 1070324 1070329 29662
a 1070329 1070324 29662
a 1070317 1048822 5208
a 1048822 1070317 5208
a 1048684 1070330 9537
a 1070330 1048684 9537
a 1070330 1070301 5798
a 1070301 1070330 5798
a 1048686 1070312 17596
a 1070312 1048686 17596
a 1070330 1070331 10258
a 1070331 1070330 10258
a 1048671 1070310 2322
a 1070310 1048671 2322
a 1070332 1070333 10842
a 1070333 1070332 10842
a 1070332 1070334 6463
a 1070334 1070332 6463
a 1070334 1070335 7681
a 1070335 1070334 7681
a 1070336 1070335 7435
a 1070335 1070336 7435
a 1070336 1070337 3197
a 1070337 1070336 3197
a 1070337 1070338 14402
a 1070338 1070337 14402
a 1070339 1070338 16401
a 1070338 1070339 16401
a 1070340 1070339 1691
a 1070339 1070340 1691
a 1070341 1070340 12594
a 1070340 1070341 12594
a 1070314 1070341 3283
a 1070341 1070314 3283
a 1070342 1070336 3028
a 1070336 1070342 3028
a 1070343 1070342 10265
a 1070342 1070343 10265
a 1070344 1070343 6171
a 1070343 1070344 6171
a 1070344 1070345 13180
a 1070345 1070344 13180
a 1070346 1070344 9465
a 1070344 1070346 9465
a 1070346 1070347 5804
a 1070347 1070346 5804
a 1070347 1070348 6867
a 1070348 1070347 6867
a 1070348 1070339 14773
a 1070339 1070348 14773
a 1070349 1070337 4029
a 1070337 1070349 4029
a 1070315 1070334 20905
a 1070334 1070315 20905
a 1070328 1070342 35063
a 1070342 1070328 35063
a 1070348 1070350 1785
a 1070350 1070348 1785
a 1070347 1070351 15621
a 1070351 1070347 15621
a 1070351 1070352 6379
a 1070352 1070351 6379
a 1070353 1070341 4920
a 1070341 1070353 4920
a 1070326 1070346 14001
a 1070346 1070326 14001
a 1070354 1070343 13898
a 1070343 1070354 13898
a 1044645 1070332 8011
a 1070332 1044645 8011
a 1070355 1070356 1884
a 1070356 1070355 1884
a 1070355 1070357 1055
a 1070357 1070355 1055
a 1070357 1070356 1657
a 1070356 1070357 1657
a 1070358 1049343 2948
a 1049343 1070358 2948
a 1049326 1070358 3101
a 1070358 1049326 3101
a 1049333 1070358 9407
a 1070358 1049333 9407
a 1045035 1070359 19566
a 1070359 1045035 19566
a 1070356 1045038 18967
a 1045038 1070356 18967
a 1049315 1070357 6143
a 1070357 1049315 6143
a 1070360 1045040 47764
a 1045040 1070360 47764
a 1070360 1070361 4312
a 1070361 1070360 4312
a 1070355 1070360 5149
a 1070360 1070355 5149
a 22456 1046331 28995
a 1046331 22456 28995
a 1070362 1070363 6850
a 1070363 1070362 6850
a 1070364 1070362 13108
a 1070362 1070364 13108
a 22272 1070364 9756
a 1070364 22272 9756
a 22345 1070365 171
a 1070365 22345 171
a 1070366 22267 18429
a 22267 1070366 18429
a 1070366 1070367 8071
a 1070367 1070366 8071
a 1070367 1070368 11145
a 1070368 1070367 11145
a 1070368 1070369 4056
a 1070369 1070368 4056
a 1070370 1049754 4678
a 1049754 1070370 4678
a 1049666 1070371 535
a 1070371 1049666 535
a 1049637 1070372 884
a 1070372 1049637 884
a 1070358 1070373 5941
a 1070373 1070358 5941
a 1070374 1070367 6716
a 1070367 1070374 6716
a 1070374 1070370 444
a 1070370 1070374 444
a 1070374 1049755 3663
a 1049755 1070374 3663
a 1049753 1070366 19249
a 1070366 1049753 19249
a 1070308 1070306 4662
a 1070306 1070308 4662
a 1070307 1070375 1507
a 1070375 1070307 1507
a 1070307 1070376 3986
a 1070376 1070307 3986
<div id="preview-all"><div class="button" onclick="Hb('T',1)">Show the full file...</div></div>